T (K)		P (Pa)	vG (m3/kg)	vL (m3/kg)		hG (J/kg)		hL (J/kg)	Lv (J/kg)
398.15		6020	3.201	0.00148		546730		235420	311310
403.15		7330	2.657	0.00148		557120		248500	308620
408.15		8880	2.218	0.00149		567600		261700	305900
413.15		10690	1.862	0.0015		578170		275020	303150
418.15		12790	1.571	0.00151		588830		288450	300380
423.15		15230	1.333	0.00152		599560		302000	297560
428.15		18030	1.136	0.00153		610370		315660	294710
433.15		21300	0.9727	0.00154		621270		329430	291840
438.15		24900	0.8365	0.00155		632230		343310	288920
443.15		29100	0.7224	0.00156		643280		357300	285980
448.15		33800	0.6264	0.00158		654390		371410	282980
453.15		39200	0.5452	0.00159		665570		385620	279950
458.15		45100	0.4762	0.0016		676820		399940	276880
463.15		51800	0.4174	0.00161		688130		414360	273770
468.15		59300	0.3671	0.00162		699500		428890	270610
473.15		67600	0.3239	0.00163		710940		443530	267410
478.15		76800	0.2866	0.00165		722430		458270	264160
483.15		87000	0.2543	0.00166		733970		473120	260850
488.15		98200	0.2262	0.00167		745570		488070	257500
493.15		110500	0.2018	0.00169		757210		503130	254080
498.15		124000	0.1804	0.0017		768900		518290	250610
503.15		138700	0.1617	0.00172		780640		533560	247080
508.15		154800	0.1452	0.00173		792420		548930	243490
513.15		172300	0.1307	0.00174		804230		564400	239830
518.15		191300	0.1178	0.00176		816080		579980	236100
523.15		211800	0.1064	0.00178		827960		595670	232290
528.15		234100	0.0963	0.00179		839870		611460	228410
533.15		258100	0.0873	0.00181		851810		627360	224450
538.15		284000	0.0792	0.00183		863760		643370	220390
543.15		311800	0.072	0.00185		875730		659480	216250
548.15		341700	0.0655	0.00186		887710		675720	211990
553.15		373800	0.0596	0.00188		899700		692060	207640
558.15		408100	0.0544	0.0019		911680		708520	203160
563.15		444900	0.0496	0.00193		923660		725100	198560
568.15		484100	0.0453	0.00195		935630		741800	193830
573.15		526000	0.0414	0.00197		947570		758630	188940
578.15		570700	0.0378	0.002		959490		775590	183900
583.15		618200	0.0345	0.00202		971360		792690	178670
588.15		668900	0.0316	0.00205		983180		809930	173250
593.15		722700	0.0288	0.00208		994930		827310	167620
598.15		779900	0.0263	0.00211		1006590		844860	161730
603.15		840700	0.024	0.00214		1018140		862580	15556