T (K)	Psat (Pa)	vG (m3/kg)	vL (m3/kg)	hG (J/Kg)	hL (J/Kg)	Lv (J/kg)
60	726.788	18.28250492	0.000780415	54204	-183846	238050
60.1	745.46	17.9335526	0.000780683	54294.1	-183679	237973.1
60.2	764.542	17.59209904	0.000780951	54384.1	-183513	237897.1
60.3	784.042	17.25789333	0.000781226	54474.1	-183346	237820.1
60.4	803.968	16.93072961	0.000781494	54564.1	-183180	237744.1
60.5	824.327	16.61035755	0.000781763	54654.1	-183014	237668.1
60.6	845.127	16.29659809	0.000782038	54744.1	-182847	237591.1
60.7	866.376	15.98922965	0.000782307	54834.1	-182681	237515.1
60.8	888.081	15.68812017	0.000782577	54924	-182514	237438
60.9	910.25	15.39306973	0.000782852	55013.9	-182348	237361.9
61	932.892	15.10391493	0.000783122	55103.8	-182181	237284.8
61.1	956.014	14.82052346	0.000783392	55193.7	-182015	237208.7
61.2	979.626	14.54270465	0.000783668	55283.6	-181849	237132.6
61.3	1003.73	14.27036345	0.000783939	55373.5	-181682	237055.5
61.4	1028.35	14.0033468	0.000784209	55463.3	-181516	236979.3
61.5	1053.48	13.74151118	0.000784486	55553.2	-181349	236902.2
61.6	1079.13	13.48475818	0.000784757	55643	-181183	236826
61.7	1105.31	13.23297446	0.000785034	55732.8	-181016	236748.8
61.8	1132.04	12.98603482	0.000785305	55822.5	-180850	236672.5
61.9	1159.31	12.7438374	0.000785583	55912.3	-180683	236595.3
62	1187.15	12.50628441	0.000785855	56002	-180517	236519
62.1	1215.55	12.2732818	0.000786133	56091.7	-180350	236441.7
62.2	1244.53	12.04470996	0.000786405	56181.4	-180184	236365.4
62.3	1274.09	11.82049864	0.000786677	56271.1	-180017	236288.1
62.4	1304.25	11.60055126	0.000786955	56360.7	-179851	236211.7
62.5	1335.02	11.38478878	0.000787228	56450.4	-179684	236134.4
62.6	1366.41	11.17312194	0.000787507	56540	-179518	236058
62.7	1398.42	10.96547739	0.000787786	56629.5	-179351	235980.5
62.8	1431.06	10.76177203	0.000788059	56719.1	-179185	235904.1
62.9	1464.36	10.56192616	0.000788339	56808.6	-179018	235826.6
63	1498.31	10.36588463	0.000788612	56898.1	-178852	235750.1
63.1	1532.92	10.1735506	0.000788892	56987.6	-178685	235672.6
63.2	1568.21	9.984922767	0.000789166	57077.1	-178519	235596.1
63.3	1604.19	9.799790284	0.000789447	57166.5	-178352	235518.5
63.4	1640.87	9.618159084	0.000789727	57255.9	-178186	235441.9
63.5	1678.26	9.44010724	0.000790002	57345.3	-178019	235364.3
63.6	1716.37	9.265350369	0.000790283	57434.7	-177852	235286.7
63.7	1755.21	9.093885272	0.000790558	57524	-177686	235210
63.8	1794.79	8.925782122	0.000790839	57613.3	-177519	235132.3
63.9	1835.13	8.760863471	0.00079112	57702.6	-177353	235055.6
64	1876.23	8.599043786	0.000791396	57791.9	-177186	234977.9
64.1	1918.1	8.440314317	0.000791678	57881.1	-177020	234901.1
64.2	1960.77	8.28466095	0.00079196	57970.3	-176853	234823.3
64.3	2004.24	8.131998601	0.000792236	58059.5	-176686	234745.5
64.4	2048.52	7.982247482	0.000792519	58148.6	-176520	234668.6
64.5	2093.62	7.835394042	0.000792801	58237.7	-176353	234590.7
64.6	2139.56	7.691301907	0.000793084	58326.8	-176186	234512.8
64.7	2186.35	7.550018875	0.000793361	58415.9	-176020	234435.9
64.8	2234	7.411469991	0.000793644	58504.9	-175853	234357.9
64.9	2282.52	7.275584593	0.000793928	58593.9	-175687	234280.9
65	2331.93	7.142295962	0.000794212	58682.8	-175520	234202.8
65.1	2382.24	7.011590159	0.000794496	58771.8	-175353	234124.8
65.2	2433.46	6.883402053	0.000794774	58860.7	-175187	234047.7
65.3	2485.6	6.757715622	0.000795058	58949.6	-175020	233969.6
65.4	2538.69	6.634467385	0.000795342	59038.4	-174853	233891.4
65.5	2592.73	6.513597134	0.000795627	59127.2	-174686	233813.2
65.6	2647.73	6.395088572	0.000795912	59216	-174520	233736
65.7	2703.71	6.278843437	0.000796197	59304.7	-174353	233657.7
65.8	2760.68	6.164886042	0.000796476	59393.4	-174186	233579.4
65.9	2818.66	6.053158841	0.000796762	59482.1	-174020	233502.1
66	2877.66	5.94357173	0.000797048	59570.7	-173853	233423.7
66.1	2937.69	5.83614441	0.000797334	59659.3	-173686	233345.3
66.2	2998.77	5.730823233	0.00079762	59747.9	-173519	233266.9
66.3	3060.92	5.627525352	0.000797906	59836.5	-173353	233189.5
66.4	3124.14	5.526266344	0.000798193	59925	-173186	233111
66.5	3188.46	5.426966597	0.00079848	60013.4	-173019	233032.4
66.6	3253.88	5.329609713	0.000798767	60101.9	-172852	232953.9
66.7	3320.42	5.234177083	0.000799054	60190.2	-172686	232876.2
66.8	3388.1	5.140568855	0.000799341	60278.6	-172519	232797.6
66.9	3456.94	5.04882211	0.000799629	60366.9	-172352	232718.9
67	3526.94	4.958866205	0.000799917	60455.2	-172185	232640.2
67.1	3598.12	4.870659633	0.000800205	60543.4	-172018	232561.4
67.2	3670.5	4.784185397	0.000800493	60631.7	-171852	232483.7
67.3	3744.1	4.699402706	0.000800782	60719.8	-171685	232404.8
67.4	3818.92	4.61627236	0.00080107	60808	-171518	232326
67.5	3894.99	4.534777206	0.000801359	60896	-171351	232247
67.6	3972.33	4.45487876	0.000801648	60984.1	-171184	232168.1
67.7	4050.94	4.376539995	0.000801944	61072.1	-171017	232089.1
67.8	4130.85	4.299725248	0.000802233	61160.1	-170851	232011.1
67.9	4212.07	4.224417981	0.000802523	61248	-170684	231932
68	4294.61	4.15056593	0.000802813	61335.9	-170517	231852.9
68.1	4378.5	4.07817037	0.000803103	61423.8	-170350	231773.8
68.2	4463.76	4.007196926	0.000803394	61511.6	-170183	231694.6
68.3	4550.39	3.937596963	0.000803691	61599.3	-170016	231615.3
68.4	4638.42	3.869355095	0.000803981	61687.1	-169849	231536.1
68.5	4727.86	3.802440406	0.000804272	61774.8	-169682	231456.8
68.6	4818.74	3.736836992	0.000804563	61862.4	-169515	231377.4
68.7	4911.06	3.672514534	0.000804861	61950	-169348	231298
68.8	5004.85	3.609430721	0.000805153	62037.5	-169181	231218.5
68.9	5100.13	3.547583741	0.000805445	62125.1	-169015	231140.1
69	5196.9	3.48693272	0.000805737	62212.5	-168848	231060.5
69.1	5295.2	3.427462889	0.000806036	62300	-168681	230981
69.2	5395.04	3.369136019	0.000806328	62387.3	-168514	230901.3
69.3	5496.44	3.311949181	0.000806621	62474.7	-168347	230821.7
69.4	5599.41	3.255865442	0.00080692	62562	-168180	230742
69.5	5703.98	3.200860391	0.000807213	62649.2	-168013	230662.2
69.6	5810.17	3.146920266	0.000807513	62736.4	-167846	230582.4
69.7	5917.99	3.094021114	0.000807807	62823.6	-167679	230502.6
69.8	6027.46	3.042148974	0.0008081	62910.7	-167512	230422.7
69.9	6138.6	2.991262522	0.000808401	62997.7	-167345	230342.7
70	6251.44	2.941366794	0.000808695	63084.7	-167177	230261.7
70.1	6365.98	2.892422143	0.000808996	63171.7	-167010	230181.7
70.2	6482.26	2.844416127	0.000809291	63258.6	-166843	230101.6
70.3	6600.3	2.797327992	0.000809592	63345.5	-166676	230021.5
70.4	6720.1	2.751137595	0.000809887	63432.3	-166509	229941.3
70.5	6841.69	2.705832693	0.000810189	63519.1	-166342	229861.1
70.6	6965.1	2.661393559	0.000810484	63605.8	-166175	229780.8
70.7	7090.34	2.617794194	0.000810787	63692.5	-166008	229700.5
70.8	7217.43	2.575029935	0.000811083	63779.1	-165841	229620.1
70.9	7346.4	2.533069219	0.000811385	63865.7	-165674	229539.7
71	7477.27	2.49190753	0.000811682	63952.2	-165507	229459.2
71.1	7610.05	2.451527179	0.000811985	64038.7	-165339	229377.7
71.2	7744.77	2.411905164	0.000812288	64125.1	-165172	229297.1
71.3	7881.45	2.373030978	0.000812585	64211.5	-165005	229216.5
71.4	8020.11	2.334893821	0.000812889	64297.8	-164838	229135.8
71.5	8160.77	2.297466813	0.000813187	64384.1	-164671	229055.1
71.6	8303.46	2.260740212	0.000813491	64470.3	-164504	228974.3
71.7	8448.2	2.224708952	0.000813795	64556.5	-164336	228892.5
71.8	8595.01	2.189343153	0.0008141	64642.6	-164169	228811.6
71.9	8743.9	2.15464304	0.000814399	64728.6	-164002	228730.6
72	8894.91	2.120584942	0.000814704	64814.6	-163835	228649.6
72.1	9048.06	2.087159793	0.000815009	64900.6	-163667	228567.6
72.2	9203.37	2.054354101	0.000815308	64986.5	-163500	228486.5
72.3	9360.86	2.022158816	0.000815614	65072.3	-163333	228405.3
72.4	9520.56	1.990556799	0.00081592	65158.1	-163166	228324.1
72.5	9682.48	1.95953559	0.000816227	65243.8	-162998	228241.8
72.6	9846.66	1.92908677	0.000816533	65329.5	-162831	228160.5
72.7	10013.1	1.899198159	0.00081684	65415.1	-162664	228079.1
72.8	10181.9	1.869854394	0.00081714	65500.7	-162497	227997.7
72.9	10352.9	1.841051019	0.000817448	65586.2	-162329	227915.2
73	10526.4	1.812769876	0.000817755	65671.7	-162162	227833.7
73.1	10702.2	1.785006658	0.000818063	65757.1	-161995	227752.1
73.2	10880.4	1.757744181	0.000818371	65842.4	-161827	227669.4
73.3	11061	1.73097828	0.000818679	65927.7	-161660	227587.7
73.4	11244	1.70469849	0.000818987	66012.9	-161493	227505.9
73.5	11429.5	1.678888978	0.000819296	66098.1	-161325	227423.1
73.6	11617.6	1.653548515	0.000819605	66183.2	-161158	227341.2
73.7	11808.1	1.628661843	0.000819914	66268.2	-160990	227258.2
73.8	12001.2	1.604222313	0.000820223	66353.2	-160823	227176.2
73.9	12196.8	1.580218197	0.000820533	66438.1	-160656	227094.1
74	12395.1	1.55664313	0.000820843	66523	-160488	227011
74.1	12596	1.533488318	0.000821153	66607.8	-160321	226928.8
74.2	12799.5	1.510747457	0.000821463	66692.6	-160153	226845.6
74.3	13005.7	1.488407538	0.000821774	66777.3	-159986	226763.3
74.4	13214.6	1.466462731	0.000822084	66861.9	-159818	226679.9
74.5	13426.2	1.444905048	0.000822395	66946.4	-159651	226597.4
74.6	13640.6	1.423728717	0.000822713	67031	-159484	226515
74.7	13857.7	1.402923974	0.000823025	67115.4	-159316	226431.4
74.8	14077.6	1.382483383	0.000823337	67199.8	-159149	226348.8
74.9	14300.4	1.362399676	0.000823649	67284.1	-158981	226265.1
75	14526.1	1.342665755	0.000823961	67368.3	-158814	226182.3
75.1	14754.6	1.323276432	0.00082428	67452.5	-158646	226098.5
75.2	14986	1.304224775	0.000824593	67536.7	-158478	226014.7
75.3	15220.4	1.285500709	0.000824906	67620.7	-158311	225931.7
75.4	15457.8	1.267102719	0.000825219	67704.7	-158143	225847.7
75.5	15698.1	1.24901952	0.000825539	67788.7	-157976	225764.7
75.6	15941.5	1.231248092	0.000825852	67872.5	-157808	225680.5
75.7	16187.9	1.213782255	0.000826166	67956.3	-157641	225597.3
75.8	16437.4	1.196614538	0.000826487	68040.1	-157473	225513.1
75.9	16690	1.179740551	0.000826802	68123.7	-157305	225428.7
76	16945.7	1.163153169	0.000827116	68207.3	-157138	225345.3
76.1	17204.6	1.146846859	0.000827438	68290.9	-156970	225260.9
76.2	17466.7	1.130817491	0.000827753	68374.3	-156803	225177.3
76.3	17732.1	1.115059661	0.000828075	68457.8	-156635	225092.8
76.4	18000.6	1.099566881	0.000828391	68541.1	-156467	225008.1
76.5	18272.5	1.084335259	0.000828713	68624.4	-156300	224924.4
76.6	18547.7	1.069357455	0.000829029	68707.6	-156132	224839.6
76.7	18826.2	1.054632049	0.000829352	68790.7	-155964	224754.7
76.8	19108	1.040151945	0.000829669	68873.8	-155796	224669.8
76.9	19393.3	1.025912498	0.000829993	68956.7	-155629	224585.7
77	19682	1.011909159	0.00083031	69039.7	-155461	224500.7
77.1	19974.2	0.99813349	0.000830634	69122.5	-155293	224415.5
77.2	20269.8	0.984591149	0.000830951	69205.3	-155125	224330.3
77.3	20569	0.971279272	0.000831276	69288	-154958	224246
77.4	20871.7	0.958175634	0.000831601	69370.7	-154790	224160.7
77.5	21178	0.9452868	0.000831919	69453.2	-154622	224075.2
77.6	21487.9	0.932609628	0.000832244	69535.7	-154454	223989.7
77.7	21801.5	0.920140966	0.00083257	69618.2	-154286	223904.2
77.8	22118.7	0.907877654	0.000832889	69700.5	-154119	223819.5
77.9	22439.6	0.895808512	0.000833215	69782.8	-153951	223733.8
78	22764.3	0.883938831	0.000833542	69865	-153783	223648
78.1	23092.7	0.872257839	0.000833868	69947.2	-153615	223562.2
78.2	23424.9	0.86076298	0.000834195	70029.2	-153447	223476.2
78.3	23761	0.849458895	0.000834516	70111.2	-153279	223390.2
78.4	24100.9	0.838328373	0.000834843	70193.2	-153111	223304.2
78.5	24444.7	0.82738307	0.000835171	70275	-152944	223219
78.6	24792.5	0.81660651	0.000835499	70356.8	-152776	223132.8
78.7	25144.2	0.806009608	0.000835827	70438.5	-152608	223046.5
78.8	25499.9	0.795570265	0.000836155	70520.1	-152440	222960.1
78.9	25859.6	0.785305366	0.000836484	70601.6	-152272	222873.6
79	26223.4	0.775193798	0.000836813	70683.1	-152104	222787.1
79.1	26591.2	0.765245606	0.000837142	70764.5	-151936	222700.5
79.2	26963.2	0.755452478	0.000837472	70845.8	-151768	222613.8
79.3	27339.4	0.745817827	0.000837802	70927	-151600	222527
79.4	27719.7	0.736328226	0.000838132	71008.2	-151432	222440.2
79.5	28104.2	0.72698722	0.000838462	71089.3	-151264	222353.3
79.6	28493.1	0.717792644	0.000838792	71170.3	-151096	222266.3
79.7	28886.2	0.708737314	0.000839123	71251.2	-150928	222179.2
79.8	29283.6	0.699824344	0.000839454	71332.1	-150760	222092.1
79.9	29685.4	0.691046798	0.000839786	71412.8	-150591	222003.8
80	30091.5	0.682407534	0.000840117	71493.5	-150423	221916.5
80.1	30502.1	0.673899858	0.000840449	71574.1	-150255	221829.1
80.2	30917.2	0.66551754	0.000840781	71654.7	-150087	221741.7
80.3	31336.7	0.657267738	0.000841121	71735.1	-149919	221654.1
8.04E+01	31760.8	0.649144103	0.000841453	71815.5	-149751	221566.5
8.05E+01	32189.5	0.641140718	0.000841786	71895.8	-149583	221478.8
8.06E+01	32622.7	0.633260086	0.000842119	71976	-149414	221390
8.07E+01	33060.6	0.6255004	0.00084246	72056.1	-149246	221302.1
8.08E+01	33503.2	0.617852222	0.000842794	72136.1	-149078	221214.1
8.09E+01	33950.4	0.610321762	0.000843128	72216.1	-148910	221126.1
8.10E+01	34402.4	0.602907219	0.000843469	72296	-148742	221038
8.11E+01	34859.2	0.595599709	0.000843804	72375.8	-148573	220948.8
8.12E+01	35320.8	0.588401431	0.000844138	72455.5	-148405	220860.5
8.13E+01	35787.2	0.581310856	0.00084448	72535.1	-148237	220772.1
8.14E+01	36258.5	0.574326459	0.000844816	72614.7	-148068	220682.7
8.15E+01	36734.7	0.567443497	0.000845159	72694.1	-147900	220594.1
8.16E+01	37215.9	0.560660683	0.000845494	72773.5	-147732	220505.5
8.17E+01	37702.1	0.553979791	0.000845838	72852.8	-147563	220415.8
8.18E+01	38193.3	0.547396309	0.000846174	72932	-147395	220327
8.19E+01	38689.6	0.540911869	0.000846518	73011.1	-147227	220238.1
8.20E+01	39191	0.534519253	0.000846855	73090.1	-147058	220148.1
8.21E+01	39697.5	0.528220162	0.000847199	73169.1	-146890	220059.1
8.22E+01	40209.2	0.522013301	0.000847544	73248	-146721	219969
8.23E+01	40726.1	0.515894716	0.000847882	73326.7	-146553	219879.7
8.24E+01	41248.2	0.509865905	0.000848227	73405.4	-146385	219790.4
8.25E+01	41775.7	0.503923041	0.000848565	73484	-146216	219700
8.26E+01	42308.4	0.498065017	0.000848911	73562.5	-146048	219610.5
8.27E+01	42846.6	0.492293151	0.000849257	73641	-145879	219520
8.28E+01	43390.1	0.48660143	0.000849603	73719.3	-145711	219430.3
8.29E+01	43939.1	0.48099354	0.000849943	73797.5	-145542	219339.5
8.30E+01	44493.5	0.475463696	0.00085029	73875.7	-145373	219248.7
8.31E+01	45053.5	0.47001316	0.000850637	73953.8	-145205	219158.8
8.32E+01	45619	0.464638674	0.000850984	74031.7	-145036	219067.7
8.33E+01	46190.1	0.459341396	0.000851332	74109.6	-144868	218977.6
8.34E+01	46766.9	0.454116108	0.00085168	74187.4	-144699	218886.4
8.35E+01	47349.3	0.448968047	0.000852021	74265.1	-144530	218795.1
8.36E+01	47937.4	0.443890075	0.00085237	74342.7	-144362	218704.7
8.37E+01	48531.3	0.438881379	0.000852718	74420.3	-144193	218613.3
8.38E+01	49130.9	0.433944906	0.000853068	74497.7	-144024	218521.7
8.39E+01	49736.4	0.429075899	0.000853417	74575	-143856	218431
8.40E+01	50347.7	0.424275338	0.000853767	74652.3	-143687	218339.3
8.41E+01	50965	0.419540519	0.000854117	74729.4	-143518	218247.4
8.42E+01	51588.1	0.414872344	0.000854467	74806.5	-143349	218155.5
8.43E+01	52217.3	0.410266509	0.000854818	74883.4	-143181	218064.4
8.44E+01	52852.5	0.4057256	0.000855176	74960.3	-143012	217972.3
8.45E+01	53493.7	0.401245466	0.000855527	75037.1	-142843	217880.1
8.46E+01	54141.1	0.396826972	0.000855879	75113.8	-142674	217787.8
8.47E+01	54794.6	0.392469299	0.00085623	75190.3	-142505	217695.3
8.48E+01	55454.3	0.388170127	0.000856582	75266.8	-142337	217603.8
8.49E+01	56120.2	0.383930217	0.000856935	75343.2	-142168	217511.2
8.50E+01	56792.3	0.379747316	0.000857295	75419.5	-141999	217418.5
8.51E+01	57470.8	0.375620713	0.000857648	75495.7	-141830	217325.7
8.52E+01	58155.6	0.371548316	0.000858001	75571.8	-141661	217232.8
8.53E+01	58846.8	0.367532205	0.000858362	75647.8	-141492	217139.8
8.54E+01	59544.4	0.363568938	0.000858716	75723.7	-141323	217046.7
8.55E+01	60248.5	0.359659187	0.00085907	75799.6	-141154	216953.6
8.56E+01	60959.1	0.355802245	0.000859431	75875.3	-140985	216860.3
8.57E+01	61676.3	0.351994931	0.000859786	75950.9	-140816	216766.9
8.58E+01	62400	0.348239129	0.000860141	76026.4	-140647	216673.4
8.59E+01	63130.4	0.344532951	0.000860504	76101.8	-140478	216579.8
8.60E+01	63867.4	0.340875778	0.000860859	76177.1	-140309	216486.1
8.61E+01	64611.2	0.337266991	0.000861223	76252.3	-140139	216391.3
8.62E+01	65361.7	0.333704858	0.000861586	76327.5	-139970	216297.5
8.63E+01	66119	0.330188835	0.000861943	76402.5	-139801	216203.5
8.64E+01	66883.2	0.32672051	0.000862307	76477.4	-139632	216109.4
8.65E+01	67654.2	0.323296068	0.000862664	76552.2	-139463	216015.2
8.66E+01	68432.2	0.319916054	0.000863029	76626.9	-139293	215919.9
8.67E+01	69217.1	0.316580926	0.000863394	76701.5	-139124	215825.5
8.68E+01	70009.1	0.313288115	0.000863752	76776	-138955	215731
8.69E+01	70808.1	0.310038104	0.000864118	76850.4	-138786	215636.4
8.70E+01	71614.2	0.306829409	0.000864484	76924.7	-138616	215540.7
8.71E+01	72427.4	0.303662473	0.00086485	76998.9	-138447	215445.9
8.72E+01	73247.8	0.300535855	0.000865209	77073	-138278	215351
8.73E+01	74075.5	0.297449961	0.000865576	77147	-138108	215255
8.74E+01	74910.4	0.294402525	0.000865943	77220.9	-137939	215159.9
8.75E+01	75752.6	0.29139397	0.000866311	77294.6	-137769	215063.6
8.76E+01	76602.2	0.288423822	0.000866679	77368.3	-137600	214968.3
8.77E+01	77459.2	0.285490787	0.000867047	77441.9	-137430	214871.9
8.78E+01	78323.6	0.282595242	0.000867416	77515.3	-137261	214776.3
8.79E+01	79195.5	0.279736712	0.000867784	77588.7	-137091	214679.7
8.80E+01	80074.9	0.276913193	0.000868154	77661.9	-136922	214583.9
8.81E+01	80961.9	0.274125813	0.000868523	77735.1	-136752	214487.1
8.82E+01	81856.5	0.27137263	0.000868893	77808.1	-136583	214391.1
8.83E+01	82758.8	0.26865399	0.000869263	77881	-136413	214294
8.84E+01	83668.8	0.265969472	0.000869633	77953.8	-136243	214196.8
8.85E+01	84586.5	0.263317964	0.000870004	78026.5	-136074	214100.5
8.86E+01	85512	0.260699091	0.000870375	78099.1	-135904	214003.1
8.87E+01	86445.4	0.258113141	0.000870746	78171.6	-135734	213905.6
8.88E+01	87386.6	0.255559048	0.000871126	78244	-135565	213809
8.89E+01	88335.8	0.253035797	0.000871498	78316.3	-135395	213711.3
8.90E+01	89292.9	0.250544308	0.00087187	78388.4	-135225	213613.4
8.91E+01	90258.1	0.248082939	0.00087225	78460.5	-135055	213515.5
8.92E+01	91231.3	0.245651357	0.000872623	78532.4	-134885	213417.4
8.93E+01	92212.6	0.243249818	0.000872996	78604.2	-134715	213319.2
8.94E+01	93202.1	0.240877372	0.000873378	78675.9	-134545	213220.9
8.95E+01	94199.7	0.238533686	0.000873752	78747.5	-134376	213123.5
8.96E+01	95205.6	0.236218426	0.000874126	78819	-134206	213025
8.97E+01	96219.8	0.233930714	0.000874508	78890.4	-134036	212926.4
8.98E+01	97242.4	0.231670787	0.000874883	78961.6	-133866	212827.6
8.99E+01	98273.3	0.229438312	0.000875266	79032.8	-133696	212728.8
9.00E+01	99312.6	0.227232445	0.000875649	79103.8	-133525	212628.8
9.01E+01	100360	0.225052887	0.000876025	79174.7	-133355	212529.7
9.02E+01	101417	0.222899341	0.000876409	79245.5	-133185	212430.5
9.03E+01	102482	0.220771508	0.000876785	79316.2	-133015	212331.2
9.04E+01	103555	0.218668614	0.00087717	79386.8	-132845	212231.8
9.05E+01	104637	0.21659086	0.000877555	79457.2	-132675	212132.2
9.06E+01	105728	0.21453795	0.00087794	79527.5	-132505	212032.5
9.07E+01	106828	0.212509138	0.000878318	79597.8	-132334	211931.8
9.08E+01	107936	0.210504157	0.000878704	79667.9	-132164	211831.9
9.09E+01	109053	0.208522307	0.00087909	79737.8	-131994	211731.8
9.10E+01	110179	0.206564197	0.000879477	79807.7	-131823	211630.7
9.11E+01	111314	0.204628701	0.000879863	79877.5	-131653	211530.5
9.12E+01	112458	0.202715989	0.000880251	79947.1	-131482	211429.1
9.13E+01	113611	0.200825392	0.000880638	80016.6	-131312	211328.6
9.14E+01	114773	0.198957067	0.000881018	80086	-131142	211228
9.15E+01	115945	0.197109974	0.000881407	80155.2	-130971	211126.2
9.16E+01	117125	0.195284275	0.000881803	80224.4	-130801	211025.4
9.17E+01	118315	0.193479733	0.000882192	80293.4	-130630	210923.4
9.18E+01	119513	0.191696108	0.000882581	80362.3	-130459	210821.3
9.19E+01	120722	0.189932802	0.000882971	80431.1	-130289	210720.1
9.20E+01	121939	0.188189597	0.000883361	80499.8	-130118	210617.8
9.21E+01	123166	0.186466278	0.000883751	80568.3	-129947	210515.3
9.22E+01	124402	0.184762626	0.000884142	80636.7	-129777	210413.7
9.23E+01	125648	0.183078762	0.000884541	80705	-129606	210311
9.24E+01	126904	0.181413465	0.000884932	80773.2	-129435	210208.2
9.25E+01	128169	0.179767525	0.000885324	80841.2	-129264	210105.2
9.26E+01	129443	0.178139758	0.000885724	80909.2	-129093	210002.2
9.27E+01	130728	0.176530609	0.000886116	80977	-128923	209900
9.28E+01	132022	0.174939558	0.000886509	81044.6	-128752	209796.6
9.29E+01	133326	0.173366111	0.00088691	81112.2	-128581	209693.2
9.30E+01	134639	0.171810383	0.000887304	81179.6	-128410	209589.6
9.31E+01	135963	0.17027218	0.000887705	81246.9	-128239	209485.9
9.32E+01	137297	0.168751023	0.000888099	81314.1	-128068	209382.1
9.33E+01	138640	0.167247014	0.000888502	81381.1	-127897	209278.1
9.34E+01	139994	0.16575941	0.000888897	81448	-127725	209173
9.35E+01	141357	0.164288589	0.0008893	81514.8	-127554	209068.8
9.36E+01	142731	0.16283383	0.000889703	81581.5	-127383	208964.5
9.37E+01	144115	0.161394969	0.000890099	81648	-127212	208860
9.38E+01	145509	0.159972101	0.000890504	81714.4	-127041	208755.4
9.39E+01	146913	0.15856505	0.000890908	81780.7	-126869	208649.7
9.40E+01	148328	0.157173147	0.000891313	81846.8	-126698	208544.8
9.41E+01	149753	0.155796486	0.000891711	81912.8	-126527	208439.8
9.42E+01	151188	0.154434907	0.000892116	81978.7	-126355	208333.7
9.43E+01	152634	0.153088249	0.000892522	82044.4	-126184	208228.4
9.44E+01	154091	0.151756122	0.000892929	82110.1	-126012	208122.1
9.45E+01	155558	0.150438377	0.000893336	82175.5	-125841	208016.5
9.46E+01	157036	0.149135091	0.000893743	82240.9	-125669	207909.9
9.47E+01	158524	0.147845667	0.00089415	82306.1	-125498	207804.1
9.48E+01	160023	0.146570184	0.000894558	82371.2	-125326	207697.2
9.49E+01	161533	0.145308497	0.000894967	82436.2	-125154	207590.2
9.50E+01	163053	0.144060252	0.000895375	82501	-124983	207484
9.51E+01	164585	0.142825313	0.000895792	82565.7	-124811	207376.7
9.52E+01	166127	0.141603747	0.000896202	82630.2	-124639	207269.2
9.53E+01	167681	0.140395015	0.000896612	82694.6	-124467	207161.6
9.54E+01	169245	0.139199187	0.000897022	82758.9	-124295	207053.9
9.55E+01	170820	0.138016129	0.00089744	82823.1	-124123	206946.1
9.56E+01	172407	0.136845519	0.000897851	82887.1	-123951	206838.1
9.57E+01	174005	0.135687235	0.000898263	82950.9	-123779	206729.9
9.58E+01	175614	0.134541335	0.000898683	83014.7	-123607	206621.7
9.59E+01	177234	0.13340733	0.000899095	83078.3	-123435	206513.3
9.60E+01	178865	0.132285281	0.000899515	83141.7	-123263	206404.7
9.61E+01	180508	0.131175066	0.000899928	83205.1	-123091	206296.1
9.62E+01	182162	0.130076394	0.000900349	83268.2	-122919	206187.2
9.63E+01	183828	0.128989151	0.000900763	83331.3	-122747	206078.3
9.64E+01	185505	0.127913224	0.000901185	83394.2	-122574	205968.2
9.65E+01	187194	0.1268485	0.000901608	83456.9	-122402	205858.9
9.66E+01	188895	0.125794866	0.000902022	83519.6	-122230	205749.6
9.67E+01	190607	0.124752055	0.000902446	83582	-122057	205639
9.68E+01	192331	0.123720115	0.000902869	83644.4	-121885	205529.4
9.69E+01	194066	0.122698634	0.000903293	83706.6	-121712	205418.6
9.70E+01	195814	0.12168781	0.00090371	83768.6	-121540	205308.6
9.71E+01	197573	0.120687241	0.000904135	83830.6	-121367	205197.6
9.72E+01	199344	0.119697118	0.00090456	83892.3	-121194	205086.3
9.73E+01	201127	0.118716908	0.000904986	83954	-121022	204976
9.74E+01	202922	0.117746797	0.000905412	84015.4	-120849	204864.4
9.75E+01	204730	0.116786548	0.000905838	84076.8	-120676	204752.8
9.76E+01	206549	0.115836064	0.000906265	84138	-120503	204641
9.77E+01	208381	0.114895118	0.000906692	84199	-120331	204530
9.78E+01	210225	0.11396375	0.00090712	84259.9	-120158	204417.9
9.79E+01	212081	0.113041866	0.000907556	84320.7	-119985	204305.7
9.80E+01	213949	0.112129119	0.000907985	84381.3	-119812	204193.3
9.81E+01	215830	0.111225674	0.000908414	84441.8	-119639	204080.8
9.82E+01	217723	0.110331314	0.000908843	84502.1	-119466	203968.1
9.83E+01	219629	0.109445832	0.000909281	84562.3	-119292	203854.3
9.84E+01	221547	0.108569146	0.000909711	84622.3	-119119	203741.3
9.85E+01	223478	0.107701288	0.000910142	84682.1	-118946	203628.1
9.86E+01	225422	0.106842059	0.000910581	84741.9	-118773	203514.9
9.87E+01	227378	0.105991374	0.000911012	84801.4	-118599	203400.4
9.88E+01	229347	0.105149044	0.000911452	84860.9	-118426	203286.9
9.89E+01	231329	0.104315098	0.000911885	84920.1	-118252	203172.1
9.90E+01	233323	0.103489458	0.000912326	84979.3	-118079	203058.3
9.91E+01	235331	0.102671829	0.000912767	85038.2	-117905	202943.2
9.92E+01	237351	0.101862349	0.0009132	85097.1	-117732	202829.1
9.93E+01	239385	0.101060733	0.000913643	85155.7	-117558	202713.7
9.94E+01	241432	0.100267011	0.000914085	85214.3	-117385	202599.3
9.95E+01	243491	0.099480711	0.000914528	85272.6	-117211	202483.6
9.96E+01	245564	0.098703042	0.000914963	85330.8	-117037	202367.8
9.97E+01	247650	0.097931683	0.000915407	85388.9	-116863	202251.9
9.98E+01	249749	0.09716851	0.000915852	85446.8	-116689	202135.8
9.99E+01	251862	0.096412491	0.000916296	85504.5	-116515	202019.5
1.00E+02	253988	0.095664486	0.000916742	85562.1	-116341	201903.1
1.00E+02	256128	0.094922591	0.000917187	85619.6	-116167	201786.6
1.00E+02	258281	0.094188566	0.000917633	85676.8	-115993	201669.8
1.00E+02	260447	0.093461438	0.00091808	85734	-115819	201553
1.00E+02	262627	0.09274201	0.000918535	85790.9	-115645	201435.9